[4,1,1,1]
[2816,0,0,0]
[3584,0,0,0]
[11280,4,4,4]
[14352,4,4,4]
[22560,8,8,8]
[28704,8,8,8]
[20528,12,12,12]
[30768,12,12,12]
[1034,256,256,256]
[1035,256,256,256]
[1038,256,256,256]
[1039,256,256,256]
[2070,512,512,512]
[2076,512,512,512]
[3092,768,768,768]
[3102,768,768,768]
[4140,1024,1024,1024]
[4152,1024,1024,1024]
[6184,1536,1536,1536]
[6204,1536,1536,1536]
[2820,1,1,1]
[3588,1,1,1]
[11284,5,5,5]
[14356,5,5,5]
[20532,13,13,13]
[30772,13,13,13]
[22564,9,9,9]
[28708,9,9,9]
[1034,257,257,257]
[1035,257,257,257]
[1038,257,257,257]
[1039,257,257,257]
[2066,513,513,513]
[2072,513,513,513]
[3088,769,769,769]
[3098,769,769,769]
[4136,1025,1025,1025]
[4156,1025,1025,1025]
[6188,1537,1537,1537]
[6200,1537,1537,1537]
[5640,2,2,2]
[7176,2,2,2]
[5128,2,2,2]
[7688,2,2,2]
[10264,6,6,6]
[15384,6,6,6]
[5132,3,3,3]
[7692,3,3,3]
[10268,7,7,7]
[15388,7,7,7]
[5644,3,3,3]
[7180,3,3,3]
[5,0,0,0]
[1024,256,256,256]
[1029,256,256,256]
[1024,256,256,256]
[1029,256,256,256]
[1,1,1,1]
[1025,257,257,257]
[1028,257,257,257]
[1025,257,257,257]
[1028,257,257,257]
[8,2,2,2]
[8,2,2,2]
[8,2,2,2]
[8,2,2,2]
[12,3,3,3]
[12,3,3,3]
[12,3,3,3]
[12,3,3,3]
[2816,0,0,0]
[11280,4,4,4]
[22560,8,8,8]
[20528,12,12,12]
[1034,256,256,256]
[1034,256,256,256]
[1034,256,256,256]
[1035,256,256,256]
[1035,256,256,256]
[1038,256,256,256]
[2070,512,512,512]
[3092,768,768,768]
[4140,1024,1024,1024]
[6184,1536,1536,1536]
[2820,1,1,1]
[11284,5,5,5]
[20532,13,13,13]
[22564,9,9,9]
[1034,257,257,257]
[1034,257,257,257]
[1034,257,257,257]
[1035,257,257,257]
[1035,257,257,257]
[1038,257,257,257]
[2066,513,513,513]
[3088,769,769,769]
[4136,1025,1025,1025]
[6188,1537,1537,1537]
[5640,2,2,2]
[5128,2,2,2]
[10264,6,6,6]
[5132,3,3,3]
[10268,7,7,7]
[5644,3,3,3]