[4,4],[4,4]
[2816,2048],[2816,2048]
[3584,3072],[3584,3072]
[11280,8208],[11280,8208]
[14352,12304],[14352,12304]
[22560,16416],[22560,16416]
[28704,24608],[28704,24608]
[20528,16432],[20528,16432]
[30768,24624],[30768,24624]
[1034,1032],[1034,1032]
[1035,1032],[1035,1032]
[1038,1036],[1038,1036]
[1039,1036],[1039,1036]
[2070,2064],[2070,2064]
[2076,2072],[2076,2072]
[3092,3088],[3092,3088]
[3102,3096],[3102,3096]
[4140,4128],[4140,4128]
[4152,4144],[4152,4144]
[6184,6176],[6184,6176]
[6204,6192],[6204,6192]
[2820,2052],[2820,2052]
[3588,3076],[3588,3076]
[11284,8212],[11284,8212]
[14356,12308],[14356,12308]
[20532,16436],[20532,16436]
[30772,24628],[30772,24628]
[22564,16420],[22564,16420]
[28708,24612],[28708,24612]
[1034,1032],[1034,1032]
[1035,1032],[1035,1032]
[1038,1036],[1038,1036]
[1039,1036],[1039,1036]
[2066,2068],[2066,2068]
[2072,2076],[2072,2076]
[3088,3092],[3088,3092]
[3098,3100],[3098,3100]
[4136,4132],[4136,4132]
[4156,4148],[4156,4148]
[6188,6180],[6188,6180]
[6200,6196],[6200,6196]
[5640,4104],[5640,4104]
[7176,6152],[7176,6152]
[5128,4104],[5128,4104]
[7688,6152],[7688,6152]
[10264,8216],[10264,8216]
[15384,12312],[15384,12312]
[5132,4108],[5132,4108]
[7692,6156],[7692,6156]
[10268,8220],[10268,8220]
[15388,12316],[15388,12316]
[5644,4108],[5644,4108]
[7180,6156],[7180,6156]
[5,4],[5,4]
[5,4],[5,4]
[1024,1024],[1024,1024]
[1029,1028],[1029,1028]
[1024,1024],[1024,1024]
[1029,1028],[1029,1028]
[1,0],[1,0]
[1,0],[1,0]
[1025,1024],[1025,1024]
[1028,1028],[1028,1028]
[1025,1024],[1025,1024]
[1028,1028],[1028,1028]
[8,8],[8,8]
[8,8],[8,8]
[8,8],[8,8]
[8,8],[8,8]
[12,12],[12,12]
[12,12],[12,12]
[12,12],[12,12]
[12,12],[12,12]
[2816,2048],[3584,3072]
[11280,8208],[14352,12304]
[22560,16416],[28704,24608]
[20528,16432],[30768,24624]
[1034,1032],[1035,1032]
[1035,1032],[1038,1036]
[1038,1036],[1039,1036]
[2070,2064],[2076,2072]
[3092,3088],[3102,3096]
[4140,4128],[4152,4144]
[6184,6176],[6204,6192]
[2820,2052],[3588,3076]
[11284,8212],[14356,12308]
[20532,16436],[30772,24628]
[22564,16420],[28708,24612]
[1034,1032],[1035,1032]
[1035,1032],[1038,1036]
[1038,1036],[1039,1036]
[2066,2068],[2072,2076]
[3088,3092],[3098,3100]
[4136,4132],[4156,4148]
[6188,6180],[6200,6196]
[5640,4104],[7176,6152]
[5128,4104],[7688,6152]
[10264,8216],[15384,12312]
[5132,4108],[7692,6156]
[10268,8220],[7180,6156]
[15388,12316],[5644,4108]
[5644,4108],[7180,6156]
[1034,1032],[1038,1036]
[1034,1032],[1039,1036]
[1035,1032],[1039,1036]
[1034,1032],[1038,1036]
[1034,1032],[1039,1036]
[1035,1032],[1039,1036]
[10268,8220],[5644,4108]
[10268,8220],[15388,12316]
[15388,12316],[7180,6156]