131 (4, 18) 0.11521752817477807
134 (4, 21) 0.12601523641629414
135 (4, 22) 0.10394761694893911
141 (4, 28) 0.11380091922180949
272 (10, 18) 0.11181766668765347
276 (10, 22) 0.13278347919158848
281 (10, 27) 0.1149027261852295
282 (10, 28) 0.10989737455140716
408 (18, 22) 0.02367310961405276
414 (18, 28) 0.0033054208902600266
456 (22, 28) 0.023641629415097905
1946 (4, 18, 21) 0.1276836869609016
1947 (4, 18, 22) 0.10561606749354656
1953 (4, 18, 28) 0.11546936976641692
1980 (4, 21, 22) 0.11672857772461122
1986 (4, 21, 28) 0.1257633948246553
1995 (4, 22, 28) 0.10419945854057798
3542 (10, 18, 22) 0.1338223257570988
3547 (10, 18, 27) 0.1160045331486495
3548 (10, 18, 28) 0.11093622111691746
3589 (10, 22, 27) 0.1369073852546748
3590 (10, 22, 28) 0.13190203362085248
3620 (10, 27, 28) 0.1132657558395769
4634 (18, 22, 28) 0.025310079959705346
18069 (4, 18, 21, 22) 0.11839702826921866
18075 (4, 18, 21, 28) 0.12743184536926275
18084 (4, 18, 22, 28) 0.10586790908518542
18250 (4, 21, 22, 28) 0.11647673613297237
29648 (10, 18, 22, 27) 0.13800919221809482
29649 (10, 18, 22, 28) 0.13294088018636277
29679 (10, 18, 27, 28) 0.11436756280299691
29881 (10, 22, 27, 28) 0.13527041490902222
119771 (4, 18, 21, 22, 28) 0.1181451866775798
180218 (10, 18, 22, 27, 28) 0.13637222187244225
